4.18376 1.30436 -0.603323 1.84702 -0.570158 -0.055898 -0.919108 0.765593 1.30436 4.59931 1.35908 1.10213 -1.33612 -1.0483 -1.06804 -1.51931 -0.603323 1.35908 3.17381 -0.278613 -1.64702 -0.643579 -1.35492 -2.13927 1.84702 1.10213 -0.278613 2.83575 -0.63977 0.662902 -0.049561 0.492489 -0.570158 -1.33612 -1.64702 -0.63977 1.94384 -0.0860676 0.0565064 0.754727 -0.055898 -1.0483 -0.643579 0.662902 -0.0860676 1.09842 0.400163 0.930864 -0.919108 -1.06804 -1.35492 -0.049561 0.0565064 0.400163 2.58374 1.03398 0.765593 -1.51931 -2.13927 0.492489 0.754727 0.930864 1.03398 2.27684 