2.39834 0.0471182 0.629974 -0.0680969 1.28059 0.073821 0.0471182 1.18392 0.346046 0.250915 -0.694995 -1.43368 0.629974 0.346046 1.86133 -0.645815 0.542154 0.429268 -0.0680969 0.250915 -0.645815 1.50506 0.510715 -0.814811 1.28059 -0.694995 0.542154 0.510715 1.90785 1.03013 0.073821 -1.43368 0.429268 -0.814811 1.03013 2.29365 